11111 1111111111 1111111111.

0111111,1101111011 1., Hunnorum 0101001111 111,111011-
1111 eontra Porourum regem i‘erouem susceperit, lv,
111, 11.

1111111111 01111111, ΙΙΙ, 175, 66.

01111, Pleuronis 1.,1111110111111110111111111 111011,11,
111, 8.

Curetes lu Chalcide 010111 0100111111 010101 AEtollum
migrarunt. Unde 111111 11111 1111, 111, 016, 8. Partem
Ammnuioe 1111111,11, 116, 117. 011111111110011011,
11, 051, 10. curetum appellarunt 0111111101110111111001,
11, 111, 1.

0111111,1. q. cretulus.. mitio, 0.

Curiatiorum ei Horatiorum certamen, 111, 010, 10.

0111011011, princepe 1110111111,11611111 1111111 vocnt,
11301111. ,

Curii (1111.),111111. 01111, 0111111111, ti, 110.

(intingens submotum, 111, 011, 11.

01111101, 01110 1101, 111, 016, 1.

Contemnunt 01111111, iu 11101111 11111111 pooiet ilo·
1111111 11111110 1111111111011111111111111111111111111,111, 00.

0111111, 111111. 11 11110111 110 ,11111111 (576),111,111,11.

011111111 mancius 10.), ltom. 0111 11 0111111111 (661. 0.),
111, 111, 11. ·

Gurupelllum (1111111111 10 l, 111, 600, 6.

0111111 iuverim, 11111111, 1011111111 1101011111, 111,
600, 1.

eustonius (1..)111111111, 111, 000,10.

0111101111111110111111111 11111111,1111111111111111111-
1100111010, 111, 161,1.

0110111101111111111 011111 illlum 11111111111110111
1111101011, 111, 161, i.

0111111111 101111111 11111111 uxorem 11111 1111111,11Ι,

0111111111111, 11, 611, 7.

tironum. V. 11111111.

010100111111111111111111111,111, 511, 11.

01011111, moos 1111111111, 111, 101, 00.

01111111, posteo 01111111 111. , 110600, 71.

0111111111 0110111 ino. 11111111101111111101111)111111-
111111 01111 011111, 111,600,11.

01111011 111111 111111111111, 111, 186,16.

1111111111 (11), ΙΙΙ, 110, 10.

01111111 1111111111 11011111101111111111, 11, 101, 161. Primi
111100 noluerunt, ΙΙ, 101, 167.

0111111, Tuutuil 1., liiii 11111, 111,60,11.

0111111 viui poculum porrigit 0111111, 11, 10, 1.

cyclopes, 0111111111111111111,’11,100, 10.

011111, neronio 1., oum 1111111110 1111111 pugnet, 111,
000, 56.

0111111 1111101 1111110111 (Tenedo) 111. enutritum
111111011111111111, 111, 60,0.111110111111111,1’0111-
nomae 11111011, 1111111110,11, 157, 16011176.

0101111 01110 Byzantium, 11, 117, 0.

01011111.01101,01110111 1.,111, 170, 1.

Cydno, 1111101101 1101,111, 500, 6.

010111011.,111,107, 1 ;Τ11111111111101111,111,181,7.
01101113, anuinium, 1 quo 010111 011.,111, 107, 1. 11-
11 1111, .

cydon. 1116110011 11 lierourll 1., 111,101, 01. cretensium
11011111 1110111111010111111110111110111 mox 111-

1000110100000001100000 ¹¹'‘³⁰⁰’ ¹·

1Ι111ἑ1111ΙΙ11,11,111,1.1’1,’111,Ι1. ⁹⁸

01011111, eminutus, reymundum, 111,101,01.

01111111 1111111001110111 colitur, 111, 10, 1. 111, 116. ’

0111111111 001111110101111, 1101 dieii 30 1101111111-
01, 111, 101, nt. 111, 501.

719

cylindrorum, 111, Ati. 10.

0111111111111110111, 11, 111, 00. 1011111 altitudo, 11,

0111111 Mercurium 1111111111, 111, 00, 0.

cyllenius de 1111111 111111 1111111111 111111 guin mulin
11111111111111 11111111 eum 111 epistole 1111111111111,10,
20, ii.

01111111,10111101111111,110111 11111111, 111, 110, 0. ,

0111111101ηο 1111111011111111111 11111101 coutitur,
11, 108, 1, § 1.

01111, 011111111111101111011111, 11 Pythagoreorum eon·
11111111 10111111111011111 1111011111 1111011111. Quom
0111111111111111 1111111 bellum. Pylhugoreon lullilonle
0111110111111 1111101111, 11, 170, 0. 115, 01.

cyon, Α11011111111111,111, 110, 68.

01110111101111, 107, 77.

0111111011, e. q. 1111111111.,111, 101,1.

0111111111 1011111011 primur 01111110 11011111 11111100 ro·
1111111, 10100, i.

0111110101,111,116,01. - .

0111111111, 111 Abeona, 11111101 columne, 111, 016, 16.

01111111,101111111111,11, 01, 16.

cynico 11111 1101 01111,111, 156.

01111111 0111111, 101111111111111110110 1.,11, 161, 5.
11101110011101110111 iu re 0111111 1111111111 111,11,
116, 11. 1111101111 1111111111110106 iuuere 1011111011
honoretur, 11, 061, 0.

1111111111 Apollo iu 111111, 11,.160, 1. 100, 10.

011111, 111111101101111101111., 11, 100, 10.

011111110111101101,111, 616, 18 o.

01111, Antenoris 1., lv, 008 a.

Κυνῶν νῆσος 100110, ΙΙΙ, 100, itt.

limi< σῆμα, 11111111 sepulcrum, 111, 001115.

0111111111 1101111, 11, 161, 60. 10010.

cynosura, uger 1111111110 1111111, 011111 urbem, 1 111·
11100161111111111111 11 honorem 0111111111 nymphen,
iv, 110, 1.

01111111,1011101111110111111111,.111111111111,111, 100, i.

0111011, 1. q, 01111 111 111,101, 1.

01111111011111 1., 1 quo 01111111. οο11101111011011101-
111,111, 001, 11.

01111 1111. Anubim. 111,170,16.

011111, 1111110111111, 111, 671, 10111111 1111111111, lV,
001, 1.

01111011, 1111110 (loliorum 111111.,111,000, 10.

0111111111,1. q. 0111111111.,11’, 000, 0.

0111101110 0011 ue 111011 neoni, 111, 06018.

liuor, 1110111111111, 1110 01111111 quomodo 1111111, 11,
010, 01.

011111, 01111111 111 1011111 11 veneris 0111, 111, 06, 11.

0111111111.,11, 65, 7. 0111101011οο10111101,11’,110, 7.
611, 0. 111, 00, 101 el mmeritis, lv, 1781 1101111111 nt
00111111, 111, 010. 11111111 iongitudo, 11, 66, 0. 1011111·
0111101111 relluln; 11110111 1110 0111111 111111, lv,
011,1. 0111111111 regem Pygmalion, 111, 10, 01. 01,10.
0111111111 11 Ρ111111101111111111, 11, 171, 111 01111111,
111, 16011 cyprum eu 11101110110111111111,1 1111·
01111111 0111111011, 111, 01, 11. 0111011οο111 111111
10 11111111111011111111111110 uincuntur, lv, 111. 1111-
11111 111 10 11111111111111111111,11, 160,161.111111111

101, ΙΙ, 099, 17. cypri 0110111011117-160) Alexander,
Ptolemaei Physoouis el 0111111111 01111, (pooiet rex Pto·
101111111111111110111), 111, 711, 0. 010111 1011 Ptole·
111111 11111 Soter 11, reguo 111111(160), iiio. lu 11111
eulogii Ptolomeus ili 1111 111111ίά1111 (00),111, 711, 0.
11 011110111111111 11011 Ptolemenoi 11111, 711, 1. lto·
gum 16711111, 0111111 11 0111110110, eorumque 11111

 

